-101  9637
1
-98.8  9537.1
1
-96.6  9439.4
1
-94.4  9343.9
1
-92.2  9250.6
1
-90  9159.5
1
-87.8  9070.6
1
-85.6  8983.9
1
-83.4  8899.4
1
-81.2  8817.1
1
-79  8737
1
-76.8  8659.1
1
-74.6  8583.4
1
-72.4  8509.9
1
-70.2  8438.6
1
-68  8369.5
1
-65.8  8302.6
1
-63.6  8237.9
1
-61.4  8175.4
1
-59.2  8115.1
1
-57  8057
1
-54.8  8001.1
1
-52.6  7947.4
1
-50.4  7895.9
1
-48.2  7846.6
1
-46  7799.5
1
-43.8  7754.6
1
-41.6  7711.9
1
-39.4  7671.4
1
-37.2  7633.1
1
-35  7597
1
-32.8  7563.1
1
-30.6  7531.4
1
-28.4  7501.9
1
-26.2  7474.6
1
-24  7449.5
1
-21.8  7426.6
1
-19.6  7405.9
1
-17.4  7387.4
1
-15.2  7371.1
1
-13  7357
1
-10.8  7345.1
1
-8.6  7335.4
1
-6.4  7327.9
1
-4.2  7322.6
1
-2  7319.5
1
0.2  7318.6
1
2.4  7319.9
1
4.6  7323.4
1
6.8  7329.1
1
9  7337
1
8.7  7345.85
1
8.4  7354.4
1
8.1  7362.65
1
7.8  7370.6
1
7.5  7378.25
1
7.2  7385.6
1
6.9  7392.65
1
6.6  7399.4
1
6.3  7405.85
1
6  7412
1
5.7  7417.85
1
5.4  7423.4
1
5.1  7428.65
1
4.8  7433.6
1
4.5  7438.25
1
4.2  7442.6
1
3.9  7446.65
1
3.6  7450.4
1
3.3  7453.85
1
3  7457
1
2.7  7459.85
1
2.4  7462.4
1
2.1  7464.65
1
1.8  7466.6
1
1.5  7468.25
1
1.2  7469.6
1
0.9  7470.65
1
0.6  7471.4
1
0.3  7471.85
1
8.28226e-14  7472
1
-0.3  7471.85
1
-0.6  7471.4
1
-0.9  7470.65
1
-1.2  7469.6
1
-1.5  7468.25
1
-1.8  7466.6
1
-2.1  7464.65
1
-2.4  7462.4
1
-2.7  7459.85
1
-3  7457
1
-3.3  7453.85
1
-3.6  7450.4
1
-3.9  7446.65
1
-4.2  7442.6
1
-4.5  7438.25
1
-4.8  7433.6
1
-5.1  7428.65
1
-5.4  7423.4
1
-5.7  7417.85
1
-6  7412
1
-6.3  7405.85
1
-6.6  7399.4
1
-6.9  7392.65
1
-7.2  7385.6
1
-7.5  7378.25
1
-7.8  7370.6
1
-8.1  7362.65
1
-8.4  7354.4
1
-8.7  7345.85
1
-9  7337
1
-9.3  7327.85
1
-9.6  7318.4
1
-9.9  7308.65
1
-10.2  7298.6
1
-10.5  7288.25
1
-10.8  7277.6
1
-11.1  7266.65
1
-11.4  7255.4
1
-11.7  7243.85
1
-12  7232
1
-12.3  7219.85
1
-12.6  7207.4
1
-12.9  7194.65
1
-13.2  7181.6
1
-13.5  7168.25
1
-13.8  7154.6
1
-14.1  7140.65
1
-14.4  7126.4
1
-14.7  7111.85
1
-15  7097
1
-15.3  7081.85
1
-15.6  7066.4
1
-15.9  7050.65
1
-16.2  7034.6
1
-16.5  7018.25
1
-16.8  7001.6
1
-17.1  6984.65
1
-17.4  6967.4
1
-17.7  6949.85
1
-18  6932
1
-18.3  6913.85
1
-18.6  6895.4
1
-18.9  6876.65
1
-19.2  6857.6
1
-19.5  6838.25
1
-19.8  6818.6
1
-20.1  6798.65
1
-20.4  6778.4
1
-20.7  6757.85
1
-21  6737
1
-21.3  6715.85
1
-21.6  6694.4
1
-21.9  6672.65
1
-22.2  6650.6
1
-22.5  6628.25
1
-22.8  6605.6
1
-23.1  6582.65
1
-23.4  6559.4
1
-23.7  6535.85
1
-24  6512
1
-24.3  6487.85
1
-24.6  6463.4
1
-24.9  6438.65
1
-25.2  6413.6
1
-25.5  6388.25
1
-25.8  6362.6
1
-26.1  6336.65
1
-26.4  6310.4
1
-26.7  6283.85
1
-27  6257
1
-27.3  6229.85
1
-27.6  6202.4
1
-27.9  6174.65
1
-28.2  6146.6
1
-28.5  6118.25
1
-28.8  6089.6
1
-29.1  6060.65
1
-29.4  6031.4
1
-29.7  6001.85
1
-30  5972
1
-30.3  5941.85
1
-30.6  5911.4
1
-30.9  5880.65
1
-31.2  5849.6
1
-31.5  5818.25
1
-31.8  5786.6
1
-32.1  5754.65
1
-32.4  5722.4
1
-32.7  5689.85
1
-33  5657
1
-33.3  5623.85
1
-33.6  5590.4
1
-33.9  5556.65
1
-34.2  5522.6
1
-34.5  5488.25
1
-34.8  5453.6
1
-35.1  5418.65
1
-35.4  5383.4
1
-35.7  5347.85
1
-36  5312
1
-36.3  5275.85
1
-36.6  5239.4
1
-36.9  5202.65
1
-37.2  5165.6
1
-37.5  5128.25
1
-37.8  5090.6
1
-38.1  5052.65
1
-38.4  5014.4
1
-38.7  4975.85
1
-39  4937
1
-39.3  4897.85
1
-39.6  4858.4
1
-39.9  4818.65
1
-40.2  4778.6
1
-40.5  4738.25
1
-40.8  4697.6
1
-41.1  4656.65
1
-41.4  4615.4
1
-41.7  4573.85
1
-42  4532
1
-42.3  4489.85
1
-42.6  4447.4
1
-42.9  4404.65
1
-43.2  4361.6
1
-43.5  4318.25
1
-43.8  4274.6
1
-44.1  4230.65
1
-44.4  4186.4
1
-44.7  4141.85
1
-45  4097
1
-45.3  4051.85
1
-45.6  4006.4
1
-45.9  3960.65
1
-46.2  3914.6
1
-46.5  3868.25
1
-46.8  3821.6
1
-47.1  3774.65
1
-47.4  3727.4
1
-47.7  3679.85
1
-48  3632
1
-48.3  3583.85
1
-48.6  3535.4
1
-48.9  3486.65
1
-49.2  3437.6
1
-49.5  3388.25
1
-49.8  3338.6
1
-50.1  3288.65
1
-50.4  3238.4
1
-50.7  3187.85
1
-51  3137
1
-51.3  3085.85
1
-51.6  3034.4
1
-51.9  2982.65
1
-52.2  2930.6
1
-52.5  2878.25
1
-52.8  2825.6
1
-53.1  2772.65
1
-53.4  2719.4
1
-53.7  2665.85
1
-54  2612
1
-54.3  2557.85
1
-54.6  2503.4
1
-54.9  2448.65
1
-55.2  2393.6
1
-55.5  2338.25
1
-55.8  2282.6
1
-56.1  2226.65
1
-56.4  2170.4
1
-56.7  2113.85
1
-57  2057
1
-57.3  1999.85
1
-57.6  1942.4
1
-57.9  1884.65
1
-58.2  1826.6
1
-58.5  1768.25
1
-58.8  1709.6
1
-59.1  1650.65
1
-59.4  1591.4
1
-59.7  1531.85
1
-60  1472
1
-60.3  1411.85
1
-60.6  1351.4
1
-60.9  1290.65
1
-61.2  1229.6
1
-61.5  1168.25
1
-61.8  1106.6
1
-62.1  1044.65
1
-62.4  982.4
1
-62.7  919.85
1
-63  857
1
-63.3  793.85
1
-63.6  730.4
1
-63.9  666.65
1
-64.2  602.6
1
-64.5  538.25
1
-64.8  473.6
1
-65.1  408.65
1
-65.4  343.4
1
-65.7  277.85
1
-66  212
1
-66.3  145.85
1
-66.6  79.4
1
-66.9  12.65
1
-110  8294
1
-105.8  8186.1
1
-101.6  8082.4
1
-97.4  7982.9
1
-93.2  7887.6
1
-89  7796.5
1
-84.8  7709.6
1
-80.6  7626.9
1
-76.4  7548.4
1
-72.2  7474.1
1
-68  7404
1
-63.8  7338.1
1
-59.6  7276.4
1
-55.4  7218.9
1
-51.2  7165.6
1
-47  7116.5
1
-42.8  7071.6
1
-38.6  7030.9
1
-34.4  6994.4
1
-30.2  6962.1
1
-26  6934
1
-21.8  6910.1
1
-17.6  6890.4
1
-13.4  6874.9
1
-9.2  6863.6
1
-5  6856.5
1
-0.8  6853.6
1
3.4  6854.9
1
7.6  6860.4
1
11.8  6870.1
1
16  6884
1
20.2  6902.1
1
24.4  6924.4
1
28.6  6950.9
1
32.8  6981.6
1
37  7016.5
1
41.2  7055.6
1
45.4  7098.9
1
49.6  7146.4
1
53.8  7198.1
1
58  7254
1
62.2  7314.1
1
66.4  7378.4
1
70.6  7446.9
1
74.8  7519.6
1
79  7596.5
1
83.2  7677.6
1
87.4  7762.9
1
91.6  7852.4
1
95.8  7946.1
1
100  8044
1
99.7  8143.85
1
99.4  8243.4
1
99.1  8342.65
1
98.8  8441.6
1
98.5  8540.25
1
98.2  8638.6
1
97.9  8736.65
1
97.6  8834.4
1
97.3  8931.85
1
97  9029
1
96.7  9125.85
1
96.4  9222.4
1
96.1  9318.65
1
95.8  9414.6
1
95.5  9510.25
1
95.2  9605.6
1
94.9  9700.65
1
94.6  9795.4
1
94.3  9889.85
1
94  9984
1
93.7  10077.9
1
93.4  10171.4
1
93.1  10264.7
1
92.8  10357.6
1
92.5  10450.3
1
92.2  10542.6
1
91.9  10634.7
1
91.6  10726.4
1
91.3  10817.9
1
91  10909
1
90.7  10999.9
1
90.4  11090.4
1
90.1  11180.7
1
89.8  11270.6
1
89.5  11360.3
1
89.2  11449.6
1
88.9  11538.7
1
88.6  11627.4
1
88.3  11715.9
1
88  11804
1
87.7  11891.9
1
87.4  11979.4
1
87.1  12066.7
1
86.8  12153.6
1
86.5  12240.3
1
86.2  12326.6
1
85.9  12412.7
1
85.6  12498.4
1
85.3  12583.9
1
85  12669
1
84.7  12753.9
1
84.4  12838.4
1
84.1  12922.7
1
83.8  13006.6
1
83.5  13090.3
1
83.2  13173.6
1
82.9  13256.7
1
82.6  13339.4
1
82.3  13421.9
1
82  13504
1
81.7  13585.9
1
81.4  13667.4
1
81.1  13748.7
1
80.8  13829.6
1
80.5  13910.3
1
80.2  13990.6
1
79.9  14070.7
1
79.6  14150.4
1
79.3  14229.9
1
79  14309
1
78.7  14387.9
1
78.4  14466.4
1
78.1  14544.7
1
77.8  14622.6
1
77.5  14700.3
1
77.2  14777.6
1
76.9  14854.7
1
76.6  14931.4
1
76.3  15007.9
1
76  15084
1
75.7  15159.9
1
75.4  15235.4
1
75.1  15310.7
1
74.8  15385.6
1
74.5  15460.3
1
74.2  15534.6
1
73.9  15608.7
1
73.6  15682.4
1
73.3  15755.9
1
73  15829
1
72.7  15901.9
1
72.4  15974.4
1
72.1  16046.7
1
71.8  16118.6
1
71.5  16190.3
1
71.2  16261.6
1
70.9  16332.7
1
70.6  16403.4
1
70.3  16473.9
1
70  16544
1
-111  8849
1
-106.6  8740.2
1
-102.2  8635.8
1
-97.8  8535.8
1
-93.4  8440.2
1
-89  8349
1
-84.6  8262.2
1
-80.2  8179.8
1
-75.8  8101.8
1
-71.4  8028.2
1
-67  7959
1
-62.6  7894.2
1
-58.2  7833.8
1
-53.8  7777.8
1
-49.4  7726.2
1
-45  7679
1
-40.6  7636.2
1
-36.2  7597.8
1
-31.8  7563.8
1
-27.4  7534.2
1
-23  7509
1
-18.6  7488.2
1
-14.2  7471.8
1
-9.8  7459.8
1
-5.4  7452.2
1
-1  7449
1
3.4  7450.2
1
7.8  7455.8
1
12.2  7465.8
1
16.6  7480.2
1
21  7499
1
25.4  7522.2
1
29.8  7549.8
1
34.2  7581.8
1
38.6  7618.2
1
43  7659
1
47.4  7704.2
1
51.8  7753.8
1
56.2  7807.8
1
60.6  7866.2
1
65  7929
1
69.4  7996.2
1
73.8  8067.8
1
78.2  8143.8
1
82.6  8224.2
1
87  8309
1
91.4  8398.2
1
95.8  8491.8
1
100.2  8589.8
1
104.6  8692.2
1
109  8799
1
108.9  8907.95
1
108.8  9016.8
1
108.7  9125.55
1
108.6  9234.2
1
108.5  9342.75
1
108.4  9451.2
1
108.3  9559.55
1
108.2  9667.8
1
108.1  9775.95
1
108  9884
1
107.9  9991.95
1
107.8  10099.8
1
107.7  10207.6
1
107.6  10315.2
1
107.5  10422.8
1
107.4  10530.2
1
107.3  10637.6
1
107.2  10744.8
1
107.1  10852
1
107  10959
1
106.9  11066
1
106.8  11172.8
1
106.7  11279.6
1
106.6  11386.2
1
106.5  11492.8
1
106.4  11599.2
1
106.3  11705.6
1
106.2  11811.8
1
106.1  11918
1
106  12024
1
105.9  12130
1
105.8  12235.8
1
105.7  12341.6
1
105.6  12447.2
1
105.5  12552.8
1
105.4  12658.2
1
105.3  12763.6
1
105.2  12868.8
1
105.1  12974
1
105  13079
1
104.9  13184
1
104.8  13288.8
1
104.7  13393.6
1
104.6  13498.2
1
104.5  13602.8
1
104.4  13707.2
1
104.3  13811.6
1
104.2  13915.8
1
104.1  14020
1
104  14124
1
103.9  14228
1
103.8  14331.8
1
103.7  14435.6
1
103.6  14539.2
1
103.5  14642.8
1
103.4  14746.2
1
103.3  14849.6
1
103.2  14952.8
1
103.1  15056
1
103  15159
1
102.9  15262
1
102.8  15364.8
1
102.7  15467.6
1
102.6  15570.2
1
102.5  15672.8
1
102.4  15775.2
1
102.3  15877.6
1
102.2  15979.8
1
102.1  16082
1
102  16184
1
101.9  16286
1
101.8  16387.8
1
101.7  16489.6
1
101.6  16591.2
1
101.5  16692.8
1
101.4  16794.2
1
101.3  16895.6
1
101.2  16996.8
1
101.1  17098
1
101  17199
1
100.9  17300
1
100.8  17400.8
1
100.7  17501.6
1
100.6  17602.2
1
-91  11742
1
-88.8  11652.1
1
-86.6  11564.4
1
-84.4  11478.9
1
-82.2  11395.6
1
-80  11314.5
1
-77.8  11235.6
1
-75.6  11158.9
1
-73.4  11084.4
1
-71.2  11012.1
1
-69  10942
1
-66.8  10874.1
1
-64.6  10808.4
1
-62.4  10744.9
1
-60.2  10683.6
1
-58  10624.5
1
-55.8  10567.6
1
-53.6  10512.9
1
-51.4  10460.4
1
-49.2  10410.1
1
-47  10362
1
-44.8  10316.1
1
-42.6  10272.4
1
-40.4  10230.9
1
-38.2  10191.6
1
-36  10154.5
1
-33.8  10119.6
1
-31.6  10086.9
1
-29.4  10056.4
1
-27.2  10028.1
1
-25  10002
1
-22.8  9978.1
1
-20.6  9956.4
1
-18.4  9936.9
1
-16.2  9919.6
1
-14  9904.5
1
-11.8  9891.6
1
-9.6  9880.9
1
-7.4  9872.4
1
-5.2  9866.1
1
-3  9862
1
-0.8  9860.1
1
1.4  9860.4
1
3.6  9862.9
1
5.8  9867.6
1
8  9874.5
1
10.2  9883.6
1
12.4  9894.9
1
14.6  9908.4
1
16.8  9924.1
1
19  9942
1
18.7  9960.85
1
18.4  9979.4
1
18.1  9997.65
1
17.8  10015.6
1
17.5  10033.3
1
17.2  10050.6
1
16.9  10067.7
1
16.6  10084.4
1
16.3  10100.9
1
16  10117
1
15.7  10132.9
1
15.4  10148.4
1
15.1  10163.7
1
14.8  10178.6
1
14.5  10193.3
1
14.2  10207.6
1
13.9  10221.7
1
13.6  10235.4
1
13.3  10248.9
1
13  10262
1
12.7  10274.9
1
12.4  10287.4
1
12.1  10299.7
1
11.8  10311.6
1
11.5  10323.3
1
11.2  10334.6
1
10.9  10345.7
1
10.6  10356.4
1
10.3  10366.9
1
10  10377
1
9.7  10386.9
1
9.4  10396.4
1
9.1  10405.7
1
8.8  10414.6
1
8.5  10423.3
1
8.2  10431.6
1
7.9  10439.7
1
7.6  10447.4
1
7.3  10454.9
1
7  10462
1
6.7  10468.9
1
6.4  10475.4
1
6.1  10481.7
1
5.8  10487.6
1
5.5  10493.3
1
5.2  10498.6
1
4.9  10503.7
1
4.6  10508.4
1
4.3  10512.9
1
4  10517
1
3.7  10520.9
1
3.4  10524.4
1
3.1  10527.7
1
2.8  10530.6
1
2.5  10533.3
1
2.2  10535.6
1
1.9  10537.7
1
1.6  10539.4
1
1.3  10540.9
1
1  10542
1
0.7  10542.9
1
0.4  10543.4
1
0.1  10543.7
1
-0.2  10543.6
1
-0.5  10543.3
1
-0.8  10542.6
1
-1.1  10541.7
1
-1.4  10540.4
1
-1.7  10538.9
1
-2  10537
1
-2.3  10534.9
1
-2.6  10532.4
1
-2.9  10529.7
1
-3.2  10526.6
1
-3.5  10523.3
1
-3.8  10519.6
1
-4.1  10515.7
1
-4.4  10511.4
1
-4.7  10506.9
1
-5  10502
1
-5.3  10496.9
1
-5.6  10491.4
1
-5.9  10485.7
1
-6.2  10479.6
1
-6.5  10473.3
1
-6.8  10466.6
1
-7.1  10459.7
1
-7.4  10452.4
1
-7.7  10444.9
1
-8  10437
1
-8.3  10428.9
1
-8.6  10420.4
1
-8.9  10411.7
1
-9.2  10402.6
1
-9.5  10393.3
1
-9.8  10383.6
1
-10.1  10373.7
1
-10.4  10363.4
1
-10.7  10352.9
1
-11  10342
1
-11.3  10330.9
1
-11.6  10319.4
1
-11.9  10307.7
1
-12.2  10295.6
1
-12.5  10283.3
1
-12.8  10270.6
1
-13.1  10257.7
1
-13.4  10244.4
1
-13.7  10230.9
1
-14  10217
1
-14.3  10202.9
1
-14.6  10188.4
1
-14.9  10173.7
1
-15.2  10158.6
1
-15.5  10143.3
1
-15.8  10127.6
1
-16.1  10111.7
1
-16.4  10095.4
1
-16.7  10078.9
1
-17  10062
1
-17.3  10044.9
1
-17.6  10027.4
1
-17.9  10009.7
1
-18.2  9991.6
1
-18.5  9973.25
1
-18.8  9954.6
1
-19.1  9935.65
1
-19.4  9916.4
1
-19.7  9896.85
1
-20  9877
1
-20.3  9856.85
1
-20.6  9836.4
1
-20.9  9815.65
1
-21.2  9794.6
1
-21.5  9773.25
1
-21.8  9751.6
1
-22.1  9729.65
1
-22.4  9707.4
1
-22.7  9684.85
1
-23  9662
1
-23.3  9638.85
1
-23.6  9615.4
1
-23.9  9591.65
1
-24.2  9567.6
1
-24.5  9543.25
1
-24.8  9518.6
1
-25.1  9493.65
1
-25.4  9468.4
1
-25.7  9442.85
1
-26  9417
1
-26.3  9390.85
1
-26.6  9364.4
1
-26.9  9337.65
1
-27.2  9310.6
1
-27.5  9283.25
1
-27.8  9255.6
1
-28.1  9227.65
1
-28.4  9199.4
1
-28.7  9170.85
1
-29  9142
1
-29.3  9112.85
1
-29.6  9083.4
1
-29.9  9053.65
1
-30.2  9023.6
1
-30.5  8993.25
1
-30.8  8962.6
1
-31.1  8931.65
1
-31.4  8900.4
1
-31.7  8868.85
1
-32  8837
1
-32.3  8804.85
1
-32.6  8772.4
1
-32.9  8739.65
1
-33.2  8706.6
1
-33.5  8673.25
1
-33.8  8639.6
1
-34.1  8605.65
1
-34.4  8571.4
1
-34.7  8536.85
1
-35  8502
1
-35.3  8466.85
1
-35.6  8431.4
1
-35.9  8395.65
1
-36.2  8359.6
1
-36.5  8323.25
1
-36.8  8286.6
1
-37.1  8249.65
1
-37.4  8212.4
1
-37.7  8174.85
1
-38  8137
1
-38.3  8098.85
1
-38.6  8060.4
1
-38.9  8021.65
1
-39.2  7982.6
1
-39.5  7943.25
1
-39.8  7903.6
1
-40.1  7863.65
1
-40.4  7823.4
1
-40.7  7782.85
1
-41  7742
1
-41.3  7700.85
1
-41.6  7659.4
1
-41.9  7617.65
1
-42.2  7575.6
1
-42.5  7533.25
1
-42.8  7490.6
1
-43.1  7447.65
1
-43.4  7404.4
1
-43.7  7360.85
1
-44  7317
1
-44.3  7272.85
1
-44.6  7228.4
1
-44.9  7183.65
1
-45.2  7138.6
1
-45.5  7093.25
1
-45.8  7047.6
1
-46.1  7001.65
1
-46.4  6955.4
1
-46.7  6908.85
1
-47  6862
1
-47.3  6814.85
1
-47.6  6767.4
1
-47.9  6719.65
1
-48.2  6671.6
1
-48.5  6623.25
1
-48.8  6574.6
1
-49.1  6525.65
1
-49.4  6476.4
1
-49.7  6426.85
1
-50  6377
1
-50.3  6326.85
1
-50.6  6276.4
1
-50.9  6225.65
1
-51.2  6174.6
1
-51.5  6123.25
1
-51.8  6071.6
1
-52.1  6019.65
1
-52.4  5967.4
1
-52.7  5914.85
1
-53  5862
1
-53.3  5808.85
1
-53.6  5755.4
1
-53.9  5701.65
1
-54.2  5647.6
1
-54.5  5593.25
1
-54.8  5538.6
1
-55.1  5483.65
1
-55.4  5428.4
1
-55.7  5372.85
1
-56  5317
1
-56.3  5260.85
1
-56.6  5204.4
1
-56.9  5147.65
1
-57.2  5090.6
1
-57.5  5033.25
1
-57.8  4975.6
1
-58.1  4917.65
1
-58.4  4859.4
1
-58.7  4800.85
1
-59  4742
1
-59.3  4682.85
1
-59.6  4623.4
1
-59.9  4563.65
1
-60.2  4503.6
1
-60.5  4443.25
1
-60.8  4382.6
1
-61.1  4321.65
1
-61.4  4260.4
1
-61.7  4198.85
1
-62  4137
1
-62.3  4074.85
1
-62.6  4012.4
1
-62.9  3949.65
1
-63.2  3886.6
1
-63.5  3823.25
1
-63.8  3759.6
1
-64.1  3695.65
1
-64.4  3631.4
1
-64.7  3566.85
1
-65  3502
1
-65.3  3436.85
1
-65.6  3371.4
1
-65.9  3305.65
1
-66.2  3239.6
1
-66.5  3173.25
1
-66.8  3106.6
1
-67.1  3039.65
1
-67.4  2972.4
1
-67.7  2904.85
1
-68  2837
1
-68.3  2768.85
1
-68.6  2700.4
1
-68.9  2631.65
1
-69.2  2562.6
1
-69.5  2493.25
1
-69.8  2423.6
1
-70.1  2353.65
1
-70.4  2283.4
1
-70.7  2212.85
1
-71  2142
1
-71.3  2070.85
1
-71.6  1999.4
1
-71.9  1927.65
1
-72.2  1855.6
1
-72.5  1783.25
1
-72.8  1710.6
1
-73.1  1637.65
1
-73.4  1564.4
1
-73.7  1490.85
1
-74  1417
1
-74.3  1342.85
1
-74.6  1268.4
1
-74.9  1193.65
1
-75.2  1118.6
1
-75.5  1043.25
1
-75.8  967.6
1
-76.1  891.65
1
-76.4  815.4
1
-76.7  738.85
1
-77  662
1
-77.3  584.85
1
-77.6  507.4
1
-77.9  429.65
1
-78.2  351.6
1
-78.5  273.25
1
-78.8  194.6
1
-79.1  115.65
1
-79.4  36.4
1
